615
611
608
615
618
619
611
608
611
616
620
622
624
625
625
625
624
617
613
613
612
611
614
618
621
621
621
622
623
625
625
625
624
625
625
625
625
625
625
625
625
625
625
621
612
609
611
613
612
610
611
614
614
615
616
617
617
618
618
619
620
620
618
619
620
616
611
600
597
599
604
606
606
608
610
612
613
614
616
617
618
618
619
620
621
621
622
623
623
623
624
624
624
623
624
624
622
621
621
621
621
621
621
621
621
621
621
621
622
623
623
621
617
614
615
616
615
614
611
615
616
621
621
621
621
621
621
621
621
621
620
619
619
621
621
621
622
622
622
622
622
622
623
623
623
624
625
625
624
625
624
621
617
618
617
617
615
613
611
610
609
608
608
611
613
614
611
611
612
614
616
618
619
619
620
621
622
623
624
625
625
625
625
622
610
605
598
599
600
603
604
605
607
610
611
612
613
616
618
619
619
621
619
619
619
619
619
619
619
557
493
495
508
519
516
492
493
493
493
493
493
493
493
493
493
493
493
492
488
488
488
489
488
488
485
485
485
483
483
480
477
474
473
473
482
488
481
477
478
477
477
479
476
473
472
470
468
467
468
467
466
501
589
584
565
536
535
585
521
519
519
522
525
527
530
530
560
532
531
529
528
553
556
554
533
561
535
564
534
536
562
536
556
538
558
538
549
546
538
538
538
540
540
538
536
535
549
532
534
532
548
532
530
527
521
517
579
593
567
549
532
532
525
524
518
514
519
529
534
527
519
553
557
594
553
539
545
571
574
580
597
575
560
555
579
585
589
591
607
578
559
552
546
541
537
534
533
533
531
530
529
528
528
527
525
528
528
528
558
526
524
525
539
544
531
535
536
540
538
535
531
524
516
515
514
515
518
524
527
529
528
528
533
529
514
512
517
520
522
514
501
500
504
507
509
510
518
521
523
528
530
532
533
535
536
536
535
529
528
529
530
531
532
533
533
534
535
536
536
536
536
536
536
537
536
536
531
520
517
519
520
520
520
522
520
519
519
521
522
523
523
524
525
525
525
526
526
527
527
528
528
528
528
528
528
527
526
