688
688
689
689
689
687
688
689
690
691
692
691
692
692
691
691
692
692
692
692
692
692
692
691
688
682
661
663
681
692
689
674
674
680
692
703
698
699
706
710
727
734
743
781
815
834
850
851
850
851
844
833
813
808
807
809
800
801
807
809
809
811
814
817
812
810
788
607
608
612
614
612
610
612
613
614
602
599
599
597
598
599
601
603
600
597
597
598
600
600
601
601
600
601
600
600
599
595
593
594
596
598
597
591
590
593
593
588
588
588
590
592
593
594
595
595
596
596
596
596
597
598
591
583
583
588
592
594
595
596
596
597
598
599
598
598
597
598
598
598
598
598
598
598
598
597
597
596
586
582
583
585
585
587
588
587
588
588
588
588
589
588
588
588
588
587
587
586
584
580
575
571
572
575
576
577
578
579
578
578
578
578
578
578
577
576
580
585
584
581
579
579
579
578
576
574
575
574
575
575
575
577
576
573
572
569
566
568
570
569
568
567
567
